30
43
69
82
85
91
99
101
304
308
314
319
325
326
327
330
333
339
343
344
350
354
359
361
364
369
370
374
375
379
381
390
391
392
394
397
402
403
407
420
423
432
435
438
439
440
518
527
590

129
130
134
135
136
137
145
153
154
156
157
159
161
164
166
167
173
178
185
187
195
196
198
201
206
216
218
241
266
485
550
551
559
561
616
619
762

0
1
2
3
4
5
6
7
8
9
11
12
13
14
15
16
17
19
20
21
22
23
24
25
26
27
29
31
32
33
34
35
36
37
38
39
40
42
44
45
46
47
48
49
50
51
52
53
54
55
56
57
58
59
60
61
62
63
64
65
66
67
68
70
71
72
73
74
75
76
77
78
79
80
81
83
84
87
88
89
90
92
93
94
95
96
97
98
100
102
104
105
106
107
108
109
110
111
113
115
116
117
118
119
120
123
124
125
126
127
128
182
225
231
258
393
630
631
648
663
687
688
711
728

10
18
28
112
114
168
277
300
315
316
320
323
324
337
340
356
368
371
376
380
382
383
385
387
388
395
399
401
404
418
421
422
424
425
428
430
434
443
450
459
463
466
467
475
476
478
481
488
493
523
542
624
744
809
810

261
295
303
307
336
396
400
442
444
449
465
479
512
532
533
596
623
637
641
650
652
653
656
657
658
660
661
662
664
666
667
669
672
673
674
675
676
680
681
683
684
694
695
696
697
700
702
712
733
792

239
240
244
247
249
253
254
257
259
274
278
294
296
299
305
338
345
346
349
352
362
405
412
415
437
441
453
471
472
480
482
486
489
490
491
492
494
496
497
498
499
500
501
502
503
504
505
506
507
508
511
513
514
515
516
651
714
720
724
748
752
808
815
882

357
670
871

41
86
103
121
122
131
132
133
138
139
140
141
142
143
144
146
147
148
149
150
151
152
155
158
160
162
163
165
169
170
171
172
174
175
176
177
179
180
181
183
184
186
188
189
190
191
192
193
194
197
199
200
202
203
204
205
207
208
209
210
211
212
213
214
215
217
219
220
221
222
223
224
226
227
228
229
230
232
233
234
235
236
237
238
242
243
245
246
248
250
251
252
255
256
260
262
263
264
265
267
268
269
270
271
272
273
275
276
279
280
281
282
283
284
285
286
287
288
289
290
291
292
293
297
298
301
302
306
309
310
311
312
313
317
318
321
322
328
329
331
332
334
335
341
342
347
348
351
353
355
358
360
363
365
366
367
372
373
377
378
384
386
389
398
406
408
409
410
411
413
414
416
417
419
426
427
429
431
433
436
445
446
447
448
451
452
454
455
456
457
458
460
461
462
464
468
469
470
473
474
477
483
484
487
495
509
510
517
519
520
521
522
524
525
526
528
529
530
531
534
535
536
537
538
539
540
541
543
544
545
546
547
548
549
552
553
554
555
556
557
558
560
562
563
564
565
566
567
568
569
570
571
572
573
574
575
576
577
578
579
580
581
582
583
584
585
586
587
588
589
591
592
593
594
595
597
598
599
600
601
602
603
604
605
606
607
608
609
610
611
612
613
614
615
617
618
620
621
622
625
626
627
628
629
632
633
634
635
636
638
639
640
642
643
644
645
646
647
649
654
655
659
665
668
671
677
678
679
682
685
686
689
690
691
692
693
698
699
701
703
704
705
706
707
708
709
710
713
715
716
717
718
719
721
722
723
725
726
727
729
730
731
732
734
735
736
737
738
739
740
741
742
743
745
746
747
749
750
751
753
754
755
756
757
758
759
760
761
763
764
765
766
767
768
769
770
771
772
773
774
775
776
777
778
779
780
781
782
783
784
785
786
787
788
789
790
791
793
794
795
796
797
798
799
800
801
802
803
804
805
806
807
811
812
813
814
816
817
818
819
820
821
822
823
824
825
826
827
828
829
830
831
832
833
834
835
836
837
838
839
840
841
842
843
844
845
846
847
848
849
850
851
852
853
854
855
856
857
858
859
860
861
862
863
864
865
866
867
868
869
870
872
873
874
875
876
877
878
879
880
881
883
884
885
886
887
888
889
890
891
892
893
894
895
896
897
898
899
900
901
902
903
904
905
906
907
908
909
910
911
912
913
914
915
916
917
918
919
920
921
922
923
924
925
926
927
928
929
930
931
932
933
934
935
936
937
938
939
940
941
942
943
944
945
946
947
948
949
950
951
952
953
954
955
956
957
958
959
960
961
962
963
964
965
966
967
968
969
970
971
972
973
974
975
976
977
978
979
980
981
982
983
984
985
986
987
988
989
990
991
992
993
994
995
996
997
998
999
1000
1001
1002
1003
1004
1005
1006
1007
1008
1009
1010
1011
1012
1013
1014
1015
1016
1017
1018
1019
1020
1021
1022
1023
1024
1025
1026
1027
1028
1029
1030
1031
1032
1033
1034
1035
1036
1037
1038
1039
1040
1041
1042
1043
1044
1045
1046
1047
1048
1049
1050
1051
1052
1053
1054
1055
1056
1057
1058
1059
1060
1061
1062
1063
1064
1065
1066
1067
1068
1069
1070
1071
1072
1073
1074
1075
1076
1077
1078
1079
1080
1081
1082
1083
1084
1085
1086
1087
1088
1089
1090
1091
1092
1093
1094

